306000961
197607606
306006242
306006344
197608998
374603190
374604411
374601134
347005251
347000389
374603431
374604544
374603402
374603509
342700471
198601672
198603786
331880546
306004640
306005272
198320402
306006345
335530174
342700369
342701306
342700722
374604227
374603451
374604545
374604294
374600566
374603462
374603399
374601685
345002909
342700902
306005513
306006017
306006019
198603413
198603606
347001241
336426759
331800055
336426760
331800223
306004796
306000752
306005960
374604261
374604083
374604079
331880511
306005986
306006198
306006360
198320417
198602567
197608029
191800001
197609103
198602192
191802082
331881106
306000372
306006248
197609594
331881349
331881582
331800073
306005789
197610191
374604806
374604300
306005796
306005835
342700525
345002805
336400075
331880550
198603566
198603384
191200037
336407734
306006473
374604633
331880734
331881086
336408433
331880924
336425840
335530134
336403028
331880776
345002991
347000985
342701107
306006472
374603714
374603584
374604542
374604323
374604692
306000347
306005946
374600026
197608685
374603253
300600816
331881073
331881358
336426083
331881258
198603118
198320454
306004718
197602434
374604176
374604134
198603504
195850546
306005322
